11722293
11474755
11182462
11178154
10904923
10611466
9885489
9549070
9035224
8989037
8460129
7768359
7431570
6307404
6063912
5649347
5255181
4969914
4699399
4676664
3952041
2849440
2085989
2052572
1962255
1829942
1107663
-547813
-925535
-965951
-1410731
-1498134
-1770485
-2606501
-2687260
-3542590
-3918234
-4507203
-4528577
-5454863
-5465084
-5581979
-5582758
-5804615
-5970128
-6713445
-6788247
-7597996
-7768076
-8131345
-8415723
-9002990
-9061926
-9329183
-9554444
-9833213
-9850334
-11647210
-12713231
-14030788
-14129304
-15181566
-15213653
-15300570
-17811313
-18397763
-19103869
-19365940
-20112725
-20721316
-20752105
-21646733
-21761310
-23234614
-24516941
-24614298
-25030538
-26564631
-26744000
-26947789
-27202121
-27655473
-27911465
-28213892
-28900950
-29397261
-29582404
-29990671
-30301023
-31021972
-31320571
-31598573
-31955195
-31960214
-32405926
-32651436
-33056305
-33076964
-33747047
-34204641
-34578077
-34834758
-34929448
-35021679
-35723852
-35966871
-36172141
-36700626
-36842760
-36943519
-37219782
-37393525
-37890174
-39255169
-39853883
-39975435
-40976423
-41042336
-42084942
-43492117
-43655272
-43857006
-44147218
-44297331
-45335923
-45997595
-46173634
-46687637
-46959925
-47447666
-47989734
-48374807
-48835071
-49218105
-49910377
-52588583
-53685174
-53705973
-55059039
-55060974
-55934553
-56097794
-56201417
-56450656
-56539681
-56634777
-57691606
-58443612
-58462103
-60221986
-60358748
-61891826
-61957972
-61987590
-62546827
-62904101
-63312405
-64823719
-65441050
-67052043
-67944406
-69374278
-69748339
-70264935
-71441618
-71945757
-72249875
-72788039
-72810361
-73223295
-73333786
-74379272
-74752044
-74870279
-74932021
-75231662
-75578406
-75775427
-78281035
-78457917
-78964068
-79194287
-79255180
-79629332
-80450447
-80456418
-81172724
-81463392
-81612966
-81899998
-82122818
-82214576
-82566649
-83085109
-83663694
-83854925
-84138483
-84604400
-84724436
-84792002
-84965098
-84993896
-85433982
-85726401
-85742246
-86078539
-86153387
-86416531
-87096313
-87614350
-87754358
-87888876
-89099841
-89665205
-90171644
-90187468
-91265306
-91733252
-92379386
-92696387
-92802152
-93275958
-93949654
-94408788
-94677861
-95207965
-96217901
-96872521
-97038069
-98118527
-98284817
-98483608
-98785248
-98991051
-100343312
-101478174
-102691776
-102975129
-103435739
-103603442
-103644759
-104080022
-104922716
-105428272
-105589520
-107510596
-107837049
-107934578
-108492672
-108767649
-109141037
-109292111
-109796857
-110209810
-112056071
-112499759
-112649006
-113135109
-113331216
-113454183
-113634821
-114317617
-114380559
-114652040
-115112784
-115918804
-116729547
-118179446
-118289848
-118499622
-119400252
-119827440
-120224037
-121210154
-121524028
-122128316
-123226534
-123257493
-123395346
-123502695
-124041967
-125242233
-127093230
-127173304
-128219891
-128344921
-130417124
-131364669
-132900920
-133025732
-133462407
-133876836
-135051310
-135650262
-135849923
-136177813
-136999908
-138814142
-139450347
-139527362
-139721601
-140205388
-140704267
-141441782
-141497951
-141752609
-142595691
-142934566
-142977271
-143057214
-143092482
-143719026
-144021770
-144194561
-144887230
-145383793
-147685292
-148988960
-150303427
-150690424
-151003583
-151156346
-151609565
-151909462
-151975751
-152248467
-152453549
-153555696
-153827907
-153843186
-154028727
-154089594
-154636796
-155535143
-155766479
-155819899
-156121846
-157123784
-157878686
-158011576
-158379906
-159485566
-159608088
-160388334
-160714415
-161377476
-162280492
-162562073
-163735419
-164592969
-165109405
-165297153
-165649031
-165664291
-166452529
-166452570
-167021353
-167574345
-167894193
-168239267
-169557455
-169704919
-169785345
-169935121
-170260730
-170447974
-170651863
-172074180
-172828252
-173059780
-173740096
-174320672
-176017013
-176585329
-176984410
-177110417
-179328351
-179418628
-179929875
-180314050
-180807119
-180854795
-181474756
-181884551
-182484539
-182812056
-183004621
-183688148
-185733467
-186850019
-187580328
-188912937
-189217274
-189234721
-189373918
-190456346
-191079285
-191375288
-191870778
-192869524
-193586196
-195229199
-195372883
-196602755
-196749641
-198270725
-198478427
-198851499
-200192573
-200294049
-201726124
-201747074
-201839172
-201902815
-202424817
-202651386
-203130409
-203463995
-205308555
-205594911
-205709381
-205851998
-206402895
-206531880
-206969778
-207263725
-207898392
-207926599
-210096133
-210595177
-211970702
-215050616
-216029336
-216045805
-216106805
-216631991
-217691675
-217984801
-218033222
-218119834
-218193001
-218296836
-219196390
-220080977
-220443777
-220474893
-220479486
-220946702
-221165685
-221371867
-222071806
-223374704
-223884682
-224475078
-224615382
-225082385
-226416504
-226783064
-226820836
-227445951
-228632518
-229365898
-229460104
-229904039
-230476723
-230959561
-231173249
-231355141
-231576087
-231597198
-231726872
-232560011
-232647064
-232891143
-233135980
-233238300
-233640646
-234116583
-234165972
-234396393
-235657360
-236004786
-236036516
-236891940
-236957339
-237368558
-237656784
-238554192
-240311895
-241020495
-241416186
-241782273
-241982940
-242179316
-242635060
-243866743
-244158980
-244336328
-244637597
-246494702
-247819196
-247901473
-248017959
-248033960
-248282336
-248451538
-248622313
-249193411
-249365670
-249975715
-250298354
-250338417
-250644366
-252350672
-252375898
-252699523
-253366158
-253544320
-254348841
-254420079
-254573059
-255583404
-255807231
-256013970
-256758507
-257143929
-257386830
-257452626
-257561470
-257706838
-257847988
-257941950
-258429386
-258523483
-259312739
-261147052
-262601023
-263906354
-264317461
-265597553
-266002386
-266141706
-267140503
-267476050
-267891278
-268249336
-268367212
-268648669
-269045869
-269353072
-269726543
-270494126
-270722017
-270890000
-272185393
-272448297
-272621116
-272817830
-273315957
-273875107
-274412273
-275672168
-276222805
-276401517
-276623251
-277267942
-277791421
-277977395
-279163457
-279306296
-279597614
-279796992
-280266872
-281795048
-282264181
-282294423
-282485650
-283001398
-283484703
-283495942
-284185511
-284674876
-284893606
-285364444
-285893639
-286003569
-288132749
-288803498
-289310545
-289867308
-289937290
-290193031
-290900719
-291236282
-292059700
-292180362
-292822441
-293467163
-294307490
-294317690
-294588085
-295984583
-295984639
-296087016
-296132858
-296864069
-298784262
-299105996
-299302949
-300147631
-300222677
-300607923
-301024619
-301758959
-302374984
-302879408
-303015201
-303186714
-303864780
-304640937
-304754973
-304815667
-304857479
-306131754
-306337002
-307349024
-307737679
-308642137
-309132436
-310147820
-310453417
-310824779
-311673318
-312285619
-312576817
-312837951
-313524365
-314041709
-314217776
-315190292
-315395853
-315566085
-315903451
-316361649
-316474374
-316936326
-316955838
-317205640
-317265955
-317310235
-317538350
-317540137
-317836092
-318620874
-318787939
-319000750
-319387488
-319801125
-320631335
-320762252
-321737428
-323021168
-323539157
-324494277
-325178337
-325981317
-326324742
-326553384
-327038803
-327070746
-327517968
-327735499
-328218501
-328349024
-328714668
-328926184
-330083187
-331106280
-331323849
-332412471
-332645365
-332860104
-333422144
-333532356
-334551112
-335159815
-335337407
-335586764
-336705869
-338317434
-340140686
-340905764
-341010487
-341034890
-341476100
-341595277
-342823098
-342900524
-343386874
-343576811
-345369250
-345532805
-345881982
-345909648
-346061456
-347372387
-347597429
-347852609
-348579332
-348884069
-349045497
-349096143
-349404966
-349493216
-350039685
-350054778
-350186109
-350357136
-352249901
-355713165
-357178572
-357358957
-357604619
-357615641
-357959071
-358267690
-358393201
-359158390
-359865334
-360072387
-360172856
-360328209
-361466492
-363228206
-363265121
-363483225
-363523096
-363995544
-364139012
-365291978
-366568668
-367864941
-367908216
-368961247
-369316527
-369334193
-371160206
-371336174
-371419938
-371690517
-372391874
-372555259
-372573378
-373236810
-373354794
-373393467
-374063933
-374394196
-375070380
-375779689
-376280118
-376294672
-376525125
-376911410
-376978187
-377309892
-378972301
-379283262
-380475018
-380749119
-380862961
-380896793
-381476171
-381483289
-381730922
-381748980
-383950006
-385097536
-385552508
-386997022
-387212017
-388297313
-389471847
-389510021
-389582823
-390296321
-390412144
-390443241
-390830032
-391054008
-391674027
-392013828
-392073786
-393924068
-393940551
-394322684
-394462975
-394639516
-395297826
-395971232
-396209555
-396433398
-396691436
-396771511
-397543613
-397668980
-397957895
-398082676
-398866051
-399935795
-401273186
-401730402
-401806913
-402796593
-403286233
-403942785
-404474120
-404591072
-406093232
-406757043
-407186044
-407259689
-408516245
-408670538
-410115116
-411290557
-411651455
-412269710
-412450164
-413015388
-413415915
-413558575
-413779391
-414680769
-414921182
-415106219
-415140348
-416664187
-416787408
-417444463
-418091307
-419652665
-420227801
-422067592
-422409930
-423050727
-423461224
-423572327
-423618090
-423886984
-425249484
-426088178
-426375568
-426641835
-426978363
-427184464
-427803948
-428778742
-429023790
-429681498
-430043891
-430452801
-430678343
-431075726
-432115556
-432802109
-433206488
-434863783
-435407515
-436692180
-436929838
-437194870
-437246298
-437470654
-437784022
-437812457
-438240391
-438823202
-438960136
-439255550
-439557289
-439845087
-440182995
-440989627
-441351052
-442183293
-442604612
-442785136
-443693226
-444693637
-445343128
-446308310
-446438003
-446671119
-446899375
-447063112
-447180076
-447305082
-447722507
-448642751
-449171144
-449340395
-449594666
-449760127
-449873021
-450639741
-450707235
-450817988
-450855202
-451444382
-452484379
-453295772
-454433717
-454655236
-454778519
-455905951
-455973116
-457366361
-459751870
-460555652
-461163832
-461216788
-461265450
-462300735
-462520270
-463076338
-463966355
-464366776
-464842990
-465288346
-465555950
-465567479
-466434319
-467738655
-468063278
-468336558
-468606692
-468846781
-469223555
-469376881
-469506113
-469626582
-470906009
-471367055
-471418206
-471754939
-472170518
-473115653
-473899864
-474169382
-474230009
-474252502
-474618926
-474727269
-475067516
-475121549
-475214242
-475580465
-475767961
-475820782
-476323396
-476677321
-477394588
-477958789
-478158203
-480086252
-480921471
-480964355
-481043424
-482153092
-482650848
-482735196
-482795493
-484167376
-484568327
-484886553
-485345004
-485460896
-485462339
-486304001
-486779556
-487323506
-487411575
-487815618
-488556744
-488978272
-490043366
-490240882
-490422454
-490444261
-490546065
-490748805
-490896684
-492275673
-492840965
-493401846
-493480086
-493673772
-493896166
-494174149
-494679974
-495441560
-495890969
-495904846
-495909121
-496309201
-497372089
-497984149
-498450734
-499513430
-499592567
-499610688
-499736841
-499762211
-499973235
-500047681
-500945296
-501224400
-502518555
-502878435
-503888747
-504689837
-504750314
-504913982
-506483375
-507396939
-508149064
-508364028
-509340879
-509508529
-509577953
-510343657
-510801046
-511880854
-512068704
-513061900
-513112689
-513146046
-513148286
-513467741
-515032666
-515257913
-515630527
-515679307
-515809177
-515824584
-515856719
-515941566
-516090065
-516231645
-516274650
-516917168
-518163681
-518273595
-518581302
-518850230
-521460114
-521806872
-521865477
-522323758
-522376882
-522968976
-523257389
-523334276
-523630793
-524438749
-524981945
-525146299
-525168837
-525934812
-526275469
-526364903
-527650807
-527952987
-528174588
-529327297
-530999874
-531087391
-531418553
-531916547
-532290839
-532569687
-532578780
-532655075
-532952835
-533044750
-533527525
-533536013
-535019389
-535189819
-536327088
-536628544
-536815568
-537419459
-537933943
-538113042
-538308988
-538471322
-539131819
-539700322
-539878788
-540600899
-541513478
-542606623
-542661124
-543096173
-543183400
-543300636
-544059149
-544331245
-544406413
-544467307
-547517486
-547605574
-547663238
-547963109
-548360646
-548931188
-549525360
-551815462
-552218942
-552830752
-552847813
-552880365
-553725663
-553861684
-554356665
-554595286
-555281555
-555286140
-555408076
-555969626
-556251033
-556644997
-556675269
-556959368
-557688679
-558360877
-558612867
-558743648
-559114025
-559419603
-560130684
-560999146
-561217159
-562271736
-563401076
-564217468
-564754733
-565188194
-566964177
-567832357
-567890300
-568761725
-568775436
-570137515
-570233011
-570784949
-571078647
-571762802
-571947999
-572262315
-572410617
-572493595
-572796547
-573558603
-574208137
-575018151
-575568976
-576324712
-576965597
-577791933
-578292424
-578323515
-578550726
-579011871
-579129024
-579333158
-579512374
-582627775
-583967165
-583977137
-585642296
-586139456
-586789626
-587004215
-587023638
-587242069
-587768839
-588686981
-588779811
-589038852
-589541369
-590432434
-590890678
-591206974
-591504480
-591945336
-592111423
-592323924
-592627806
-592954440
-593719219
-595450623
-595574890
-596470214
-596490097
-596618714
-597713780
-598547019
-598591523
-599872896
-600129876
-600715519
-600918887
-601244638
-601344048
-602349607
-602791961
-603004028
-603043185
-603448154
-603509465
-603982290
-604652160
-605550561
-605705269
-606942713
-607125716
-607146834
-607171371
-608294260
-608578639
-608841137
-609744305
-609748773
-610539259
-610681734
-610928096
-611282827
-612683606
-613049101
-613470176
-614508910
-614952099
-615060432
-615093687
-615893539
-615936355
-616018292
-616072745
-616112040
-616654347
-616830223
-617241926
-618284996
-619576198
-621400468
-621509318
-622392803
-622521561
-622598387
-622987641
-623004868
-623090901
-624168861
-624514051
-624629972
-624816248
-624940964
-625699085
-625740797
-626986926
-627236391
-627376755
-627892320
-628537484
-629180408
-630363595
-630611364
-630802993
-631240337
-632494842
-632870264
-634072902
-634450765
-635476716
-635804553
-636027014
-637116895
-637995049
-639155721
-639180854
-639343750
-639402857
-639808800
-640975957
-641205306
-641601643
-641773931
-644389694
-645395447
-645829725
-646003045
-646611988
-647430502
-647584880
-648556233
-648685313
-648762659
-649291740
-650075416
-650274086
-650640534
-650757164
-652544700
-653898261
-654104262
-654662234
-654684820
-655127700
-656272267
-656926811
-657201438
-657402182
-657700815
-658142228
-658976747
-659350450
-659567384
-659835442
-660000714
-661993032
-663360904
-663611672
-663892412
-664431138
-664610945
-667199548
-667275047
-667326133
-667420167
-668081456
-668149728
-668178542
-668321867
-670172901
-670276761
-671207441
-671228843
-672936216
-673158856
-673536919
-673683254
-674051995
-674095416
-675175227
-676346111
-677241999
-678691920
-679658225
-679843051
-680181194
-680779870
-681277511
-681771848
-682695090
-682967736
-683861919
-684414789
-684465200
-684862522
-685105735
-685401360
-686120648
-686454889
-686567360
-687432148
-687867870
-688116567
-688478957
-689092250
-689383701
-689705808
-690922677
-692588785
-692665654
-692726560
-692731325
-692866533
-693682107
-693802657
-694483078
-695510945
-697268730
-697688858
-697723970
-698596958
-698781880
-700210607
-700435524
-700728182
-701414399
-701529300
-702391632
-702672360
-704079000
-704949038
-705108111
-705602614
-706503530
-707136132
-707149389
-707445334
-707786262
-708997008
-709105315
-709237373
-709274138
-709547600
-709599326
-709694663
-709880723
-709915090
-710242280
-710597468
-710631361
-710988518
-712852746
-713212611
-715032475
-715418414
-715660073
-715908512
-717369005
-717779180
-718551386
-719099194
-719168464
-719916822
-720140235
-720491780
-720495760
-720885620
-720902955
-721081207
-721475047
-721552969
-721634513
-722538216
-723162523
-723734389
-723989588
-724371377
-724930455
-725030568
-725036017
-726393058
-726940156
-727158093
-727638603
-727764074
-728388834
-728566528
-729304763
-730249066
-731151346
-731427015
-731572776
-731803498
-732232093
-732459690
-732543721
-732777756
-733723281
-734146244
-735146802
-735585256
-735612382
-735672246
-736697478
-737329344
-737747762
-739040919
-739161561
-739237418
-739420968
-740124628
-740669622
-740976489
-741954367
-742489428
-742565357
-742585446
-743019865
-743057126
-744065249
-744669457
-744775502
-745185673
-745475589
-745680412
-745696108
-745936716
-746103025
-746261586
-746397697
-747010829
-747018267
-747468718
-747931436
-748088312
-748158990
-748330863
-748784849
-749147033
-750703274
-750767553
-751185934
-752360277
-752522546
-752792477
-753443864
-753478755
-754013607
-754554506
-755577840
-755819274
-755865551
-755946635
-756122895
-756373303
-756497353
-756648018
-756988158
-757479798
-757790726
-758068638
-758141081
-758384864
-759337706
-760518986
-761568491
-761856470
-762074182
-763242066
-763638787
-764624270
-765239041
-765508888
-766618585
-766880909
-768186453
-768560327
-768901049
-769172434
-770395406
-770605958
-770839339
-770856245
-772000084
-772022081
-772808761
-773015862
-773171353
-773590184
-773907353
-778623200
-778779867
-780008600
-780031291
-780072305
-780797382
-780839331
-781128637
-781587152
-781658259
-781897561
-782227009
-782379076
-783341833
-783359773
-783932078
-784965825
-785068521
-785497510
-785828662
-786713469
-788211612
-788915775
-789393336
-789749434
-790154635
-790518355
-790546402
-790648935
-791190764
-791539527
-791766520
-791932352
-792475529
-792611861
-792985247
-792986058
-793539476
-794537469
-794677780
-796586856
-797047072
-797532149
-797683232
-797827674
-797936646
-798357296
-798986611
-799823468
-800015288
-800313559
-801964588
-802035520
-802305048
-802665408
-803194972
-803449424
-804024636
-804590678
-804791661
-805171508
-805549842
-805590293
-807989247
-808506396
-808925983
-809157306
-810455521
-810609680
-811536001
-812331504
-812440118
-813521211
-815321096
-815450403
-815600563
-815951069
-815977103
-816028307
-816181289
-816197693
-816940520
-817695810
-819034191
-819454663
-820552001
-820908958
-821278046
-821446064
-821715637
-822184558
-822637368
-822754456
-823029856
-823527666
-824772615
-825779632
-825846418
-826009570
-827196197
-827295803
-828847943
-829912240
-829920644
-830282989
-830502061
-830816840
-831372322
-831424635
-831570363
-832026086
-832738216
-833020943
-833246374
-833889969
-834990912
-835011425
-835187029
-835846102
-836904199
-837531039
-838392457
-838680640
-838874521
-840067205
-840305786
-840958569
-841675838
-841853125
-842137746
-842526904
-842603630
-842960045
-843185128
-844615257
-844881215
-844888753
-845283719
-845568456
-845661081
-846815445
-846821349
-847023541
-847144774
-847403417
-848952508
-849872979
-849909061
-850398471
-851300207
-851972052
-852772391
-852781401
-853899815
-854588953
-855470576
-856103091
-856825396
-857107573
-857468641
-857633664
-857813065
-858378349
-858975574
-859277375
-859517461
-859765184
-860792490
-862222933
-862547305
-862706406
-862790619
-864315982
-864637003
-864696031
-865554183
-865969383
-866030540
-870047800
-870569531
-870846099
-871144833
-872019740
-872156306
-872336331
-873424913
-874590940
-875405118
-875623182
-875965332
-876002225
-876461269
-876463685
-876723355
-878160080
-879479756
-879963302
-880214538
-881552927
-881580816
-881860160
-882078744
-882227597
-883529408
-883982826
-884092569
-885229877
-886258559
-886520980
-886854062
-888134856
-888152052
-888475301
-888986163
-889652888
-889908081
-890213898
-890469274
-890974865
-891037805
-891065867
-892056189
-892483054
-892859984
-894069811
-894491763
-896988780
-897291593
-897343053
-897957084
-898073280
-899192294
-899421076
-899450690
-899524863
-899567871
-899730718
-899973060
-900321666
-901378924
-901631532
-901692428
-902005430
-902866923
-902973904
-903254406
-903564150
-905198066
-906724989
-906762113
-907891041
-908172684
-908593973
-908745563
-908838013
-909514191
-909775715
-909828898
-910454898
-911368163
-914283989
-914735596
-914778614
-915115388
-915232796
-915500931
-916254554
-916272320
-916992210
-917004883
-917472514
-918703592
-919101658
-919332104
-919819332
-920296741
-921740485
-922383122
-922781623
-922884853
-923042142
-923107126
-923273864
-924145050
-924743275
-925164426
-925385502
-925843658
-926190118
-927109045
-927249002
-928440085
-928720252
-928783305
-929269951
-931629986
-932081500
-932158391
-933023319
-933038673
-933292849
-933958202
-934306269
-935245752
-935392581
-936246119
-936572782
-937009767
-937473380
-937900410
-938115719
-938282111
-939675723
-939763023
-939911278
-941021794
-941136820
-941564763
-941580796
-941610733
-942550548
-942743453
-942983466
-943405602
-944196480
-944427841
-945830826
-945896021
-946378209
-946796848
-946820130
-947162734
-948557296
-950348439
-951566868
-952356600
-952670401
-953840274
-953965160
-954227585
-954350825
-955409399
-955722749
-956434107
-957498726
-958116159
-959084019
-960253004
-960573981
-960945009
-962282672
-962505468
-962574166
-963659822
-963840662
-964126305
-965004885
-965263876
-965409019
-965453787
-965684079
-966496386
-966613650
-967114600
-967229788
-967426350
-967553192
-967896995
-968329611
-968661215
-969017217
-969526918
-970037718
-970615966
-971073797
-971166241
-971240776
-971245815
-971352083
-971532680
-971589748
-971640556
-972053779
-972255415
-972564585
-973559790
-973600928
-974398636
-975754558
-976424811
-976965482
-977416346
-977785064
-978733387
-978836971
-979339833
-979756002
-980135190
-980400416
-980461966
-980683022
-980697521
-980826651
-981763712
-982366930
-982409629
-984320187
-984343256
-985620595
-985772622
-986342160
-986369649
-986418321
-986678537
-986812626
-987508790
-988177146
-988554377
-988567916
-989044988
-990962664
-991855587
-994681924
-995025895
-995422972
-996671464
-996956541
-997308337
-997722875
-997905451
-998133693
-998415114
-999436204
