1994 2000
-999436204 1021090 281421 228242 597114 351796 285077 1989540 2826337 892923 3453874 830253 905915 152027 3210966 42699 603218 937061 691461 795357 502862 103584 948323 368718 450864 1210924 1355922 1834051 309170 201636 413223 107876 180597 111307 74535 550275 1089048 1197307 903261 196562 115188 618214 1087367 145143 1423214 1266496 68698 2252464 1168985 967860 617433 2089327 1058574 510551 5282978 2179087 482188 1468180 1022239 422136 240013 192905 969752 16033 427943 1225542 148255 87300 1393612 166392 1542937 326663 853538 146829 1952903 269530 864928 76891 2811549 549699 1471250 139957 1265387 1100383 598225 871186 231722 260519 398501 2086381 477409 2346818 467631 12673 719890 771389 385543 336774 43018 451607 2915826 1539265 314707 768628 572879 1410571 1564047 1943660 280502 1281476 60896 2180842 258396 1119014 116196 6919279 568531 255376 305817 1432780 323249 17196 1280794 333082 2428411 109743 1904082 497928 27889 1589625 483546 1319676 1436725 262086 459044 36893 342150 218064 814178 2434634 136566 874907 575302 521731 4078417 415200 858152 59028 321021 1609576 483473 1430443 1275029 240086 301801 1341910 1530573 2203276 1127424 1472184 1391146 36082 920471 1807734 2256021 273496 1430129 225083 822299 284621 177287 717269 2084048 193881 1149601 626840 1058097 659073 175604 20513 1969969 282727 2236155 581417 8404 2616437 1449385 66786 2749776 392488 921731 269573 537106 1454295 420472 1338381 1498117 16404 152982 427744 279467 3785095 926321 154159 1298215 3567013 798632 200983 1925270 360360 269528 2020232 191820 836857 1303379 151083 945293 1909076 1138304 553418 811 373386 136332 1826594 130580 363720 761299 1181724 1498143 1747644 2586749 152067 568750 71107 789770 2017515 4872514 317169 418831 1149272 1165836 250287 210552 3514497 1641868 3670550 1049505 2134122 243783 350355 1142708 782467 46277 241434 1564233 534852 34891 651387 269931 1336612 482660 1556241 362184 625859 70678 156876 462718 457889 1074113 240608 510435 410171 106045 604208 3395627 544994 887210 1489656 418418 1716962 27126 1439012 1602523 970945 421430 1846583 1666160 2708148 1767932 1528010 159466 589427 389860 3980 351545 223413 748358 69270 547808 1182381 1460493 248439 627598 1819864 359865 1864228 357157 389081 327190 220427 147063 273462 168823 1955926 13257 632602 1395419 3578811 114901 686217 1946302 184922 872988 2213025 1708288 1137003 76869 1666108 1216869 322107 904744 362390 1549207 1461625 243213 397322 50411 2642941 494337 497641 2087950 1449921 895888 1170884 1491973 146335 378063 222640 1707373 952082 103860 1851034 172139 68272 755323 51086 75499 2588603 999273 1618640 2642582 373703 834519 740046 200744 929171 1144567 465466 2117534 1787536 483078 198670 1312757 206426 3160786 1005753 3413737 1632207 1348701 878154 1089881 222461 327837 1025951 377863 1202638 1629927 628973 3234609 389829 1246129 41712 758121 124716 186276 115921 345190 1163993 17227 466080 128758 992335 4158542 411703 175876 581602 979058 584777 1038734 2187349 354731 246362 142475 794954 903168 262498 1407268 228658 1237444 154708 2546533 1759390 325751 203368 2123996 1972809 128617 915207 124267 1731404 764779 630516 212501 166087 1054658 1349309 502517 2015214 19423 214589 650170 497160 1675131 4838141 117153 688356 31091 1967712 755736 1360839 649534 1147986 462618 869352 2303211 885136 57943 868180 2209444 537265 1945732 2141052 711081 675955 130781 251990 1685608 30272 675371 561550 121936 690854 1714921 49613 611810 403480 2290102 1562251 357535 3138267 60894 347264 875749 1669922 912579 900577 1229000 162334 375045 514484 790915 1438725 170430 1483376 957233 287941 1203448 87517 1672577 1374310 1588084 89434 1129170 707550 807956 296517 76887 1391912 405363 5185464 43005 141580 148499 262259 421394 225247 1564925 319455 86386 2260854 1223093 69424 4758215 60477 1811402 359880 1294155 279104 897615 1596947 2141533 400080 18152 449409 1267411 277983 494320 560881 2294900 101804 400895 1065094 1162654 404043 1107574 843105 115892 776677 400951 1371883 60297 2648944 1928049 199414 2190828 553719 92693 54033 340247 557887 1053729 3489071 120469 129232 153326 616863 543414 2495799 11529 267604 921570 400421 1446085 219535 1035285 101618 608180 803782 3778754 67165 1127432 344802 2989335 589180 982181 112894 588983 528393 1579639 625109 1744366 1000411 1088614 421319 832241 1168057 2370538 341803 224356 51428 265032 1522323 543732 2061674 686553 1662755 771303 657708 2935612 2201194 268894 45763 111103 1393632 5403405 1523839 34129 185037 1362607 1108411 2335048 1444578 154293 1759202 663811 1502160 648287 656552 1479320 533727 1337391 1069744 783375 124781 414282 772102 80075 258038 1135572 834851 522424 2266524 843995 386791 860418 110976 1174534 1085296 214995 1899486 3621365 579378 33832 387943 1191756 310961 1662409 331705 66777 616738 1224292 676184 330263 670466 156657 1900636 2019647 2747859 1276690 1152966 143468 767338 3362872 1472133 125511 308619 343430 1902476 5356029 317451 1460353 726723 2319804 163555 1792439 753713 1917334 765078 1823252 1611565 1368462 1915263 562040 447633 1306191 1023093 1864686 700533 447222 517362 228642 1830465 1473109 1283740 975176 130917 830210 413637 1849138 272395 60315 269314 574677 2143873 176067 1203758 552332 612301 1219901 305597 2410141 388655 1012022 1582029 890193 678066 811730 616025 1151036 460292 4014773 1544773 270395 10200 840327 1286801 120662 1158981 707688 255741 69982 556763 1177796 2129180 1818058 689569 11239 483305 737217 469133 1998056 199378 291318 2038354 2855669 537166 1057277 196714 435723 1463376 2354805 117876 358058 415228 1473664 2096032 2759302 2623569 94097 487436 235112 254212 308697 2723850 1053921 1015486 2052318 1676041 170775 169202 248376 132487 82277 3181599 301269 2157012 1158821 2466303 2517676 379156 1260967 279810 475937 504666 1409108 150785 1099364 572684 538141 733380 1811682 37772 2167682 140304 590396 509978 2428002 467216 398509 884587 1076556 428159 1584870 77469 978720 3079914 1375525 4063297 128985 2938900 333586 705592 522002 155741 20950 1432075 1442550 580774 1667970 1373556 1643003 716672 998746 495490 296003 622939 1543409 3179470 2045319 683527 1529865 1544881 511247 90277 2217934 525088 568316 2276917 680316 985600 2139059 1695854 345074 872840 1357062 367138 187748 516436 857550 1173346 3076507 1105660 1256122 1357305 1676885 1636045 205082 1558043 386997 4919634 1189232 475535 741755 1224662 254658 793684 982666 194239 77015 2450439 822095 527551 598952 2025578 4805841 1046587 1931071 1846887 137853 1129177 604288 1299991 823785 900630 320176 3527406 271481 62942 986401 1275145 1846261 1068773 373388 274977 655623 2247529 161248 1348250 435263 209020 4444688 507443 1445539 1830104 530104 1401903 896572 646134 467946 1093662 506439 1910847 140008 1460963 411141 748350 28798 240662 120036 940706 578585 518460 666651 287032 1983634 374152 60893 230219 3188641 197021 1199134 2129397 2501536 4924620 1511314 765578 588855 66146 1533078 1896645 18491 752006 1056829 433360 266864 873579 1935 5148662 1920643 1029809 272288 2390306 150113 290212 2880583 1000988 121552 598714 1364995 1047414 142134 733755 243019 702173 92231 351371 373436 457594 670083 20659 404869 691222 639643 298599 1031301 408267 185143 1485796 709344 254332 203789 2129702 2852988 1009205 639380 1714962 586450 2510743 5467357 278769 492518 2348481 743317 165513 221857 117674 10221 926286 610343 2147749 272351 2605797 854592 123734 763451 1102601 724623 22735 555782 808731 1704447 691770 528908 46187 850265 725977 293457 277539 675360 200233 724435 121535 771700 911915 454025 1958071 482358 543162 88289 80480 1683132 5552218 168921 104869 2158284 369476 77897 2870415 1679179 1564614 235531 429394 158418 2955502 4116082 1075425 1785800 1038878 689809 800709 298087 795600 939879 1893892 572538 959912 123723 96603 1031945 1091641 320649 4112622 1398262 1144994 1146606 1926357 402710 1400500 847266 87133 589671 1307885 32951 92029 4052814 2373966 968946 973224 1081868 493878 390417 2236835 718205 1117605 368707 678207 570215 2518454 1168959 299212 1328958 292658 882054 140206 4067361 578803 1175528 534266 2589676 816345 93933 1385203 119206 390579 37860 305793 134381 404599 670387 718584 230812 831939 824773 474135 2730739 239807 237496 26127 430188 66936 1029210 708274 1269551 564372 323943 287757 139614 285968 1544760 897478 513050 364863 1839486 468240 2398819 647785 644737 555814 228341 89387 1261756 602841 1157234 1000493 1524552 344873 1481194 1459463 223947 1033530 267332 2513925 1454772 1519323 3604159 2011683 1977455 2330751 1072486 837328 307408 213205 591892 3565206 34521 3282785 2035306 41926 2680018 1701231 561612 387266 191131 253662 1276827 1008954 1030294 4585629 1902191 1903863 1191855 125122 171464 121296 8343384 1122493 1856724 7043301 2072504 729292 10952 676452 327474 710805 216420 829672 536415 1345689 715794 1807087 549674 389103 1196489 2121766 848604 637222 279933 42508 237686 1081269 42957 218335 1273212 243504 1581968 199820 368810 903994 2665758 487434 1274107 23871 449890 492741 258646 3581149 4054840 3222218 1214918 329243 3180231 982669 918866 317579 2583268 71084 345837 997066 650931 597404 289793 1624981 1698846 393501 1008318 582020 3591953 509973 427858 406245 329867 857007 772278 2878727 254650 245068 2216700 2530191 1347254 855462 1480291 370110 672344 2968173 1223690 1627267 1103819 128793 2317543 78011 3826676 3073976 53026 1392263 212270 200709 1050294 1618855 923149 632800 403460 576030 174085 277449 2306963 856333 1561387 366603 1575825 159135 974498 44914 600572 56017 39369 444083 573301 493163 326900 987022 2817708 1773891 212661 11016 162193 2023066 1191665 365041 167575 234007 27063 1748804 1458204 295154 420802 2630769 502696 465703 1179688 2911056 46176 938148 1009661 2044213 488177 37864 795002 623660 391038 350090 878246 572141 4735 1670035 396008 1003942 1336602 2020483 1971566 834808 758134 792513 243471 575028 787643 371353 772667 1838448 113183 335820 1745486 279946 335688 3045914 246782 1185618 1605786 1359059 252148 683527 997249 408833 2177831 267712 242715 773190 315157 854507 368856 671072 1207930 699736 321834 594137 285942 474779 1570258 443279 515314 3077427 173307 1696193 578184 203069 918165 511791 2782110 32431 1116355 553735 1306991 818884 3195233 1331906 216724 7518 737085 364064 68212 578999 699214 1457417 680827 1073394 239916 1310854 93951 314779 1047269 793091 2155609 340012 1215597 443932 120814 330898 1612997 1044363 338463 268858 2935330 1777121 70898 1171449 86891 106192 700241 1188017 400218 838717 172978 3835586 141065 142797 1113904 115596 3545548 791936 471572 1153389 616455 1158551 3307 1504810 1528049 2897543 1937391 1005892 2235940 209805 433928 925220 309753 12991 208699 143128 1628263 3824956 144111 1084589 275917 173010 1566760 949761 16464 1644001 1767464 570877 2355680 554761 2310187 1602311 1377330 1299703 2886212 783783 192938 488405 279434 457612 1339568 1925319 485178 1765245 3417470 2024153 1089860 1304221 176624 2494659 266798 635894 383976 153224 274714 579612 1556724 2867207 643623 856201 25081 588076 906741 1613626 553041 384985 901061 106774 1798416 651094 498248 822335 1334672 384659 5260806 230209 735771 5622576 296492 404077 261268 947860 1029797 859282 477086 875417 1064887 1154338 1758661 1903174 162889 793445 282751 795926 69824 1374001 700504 3898264 850595 45328 830194 12500 287850 1176438 146214 492216 1073 79981 1562958 539475 132107 1680527 491483 2389056 1179160 659498 95439 2341521 761646 846120 1314812 227147 1202818 908971 79843 523423 744286 2234063 150859 722571 16645 1884518 1548880 756530 1850405 2244774 679282 326136 1241464 285343 777426 900732 1757076 1375390 327583 896880 98984 3402055 847366 370727 270197 640318 50419 1345585 1533165 1068733 710658 210040 1376751 3071426 2028360 37240 1144006 963453 160614 1565163 546387 98136 796690 864286 290395 1029548 1207221 741080 328751 433129 921648 3178111 959803 128613 1259909 1019990 2673792 492762 905661 898295 894653 171533 198970 549139 1096755 1624892 421013 890458 970241 147067 1766054 601590 3212670 2930546 1946975 482927 1504204 3562793 1234365 191265 5222336 561806 160878 1089579 382387 3550372 520343 2042301 866292 1383168 1166467 385169 1519084 805229 897404 572618 545083 347014 1951961 132989 334573 445015 219045 1560772 248495 75807 424097 1620066 224701 1401130 1959441 453722 1672381 348651 1785108 171370 1250853 208424 318575 4219989 878705 959174 1886253 197125 218644 1240560 1425127 1473354 263707 2492182 396515 28316 227311 189328 785518 201771 2310892 165416 2871694 1098800 356383 432867 1985259 471926 1943578 1582695 817801 342473 1939747 49813 546120 337045 113552 691757 417877 497370 1772677 1302105 324902 583183 1228050 833780 1774737 1345439 3578625 130905 1563315 893149 754209 240312 35702 1773679 299633 115556 1109010 2101905 1099399 110982 2430728 1580155 1907960 707563 3667406 507452 1005327 140093 563115 198727 310302 4517836 585601 162667 775000 1228228 2255376 680229 1089629 1795961 391763 2320566 247118 739182 477480 1447846 396018 441453 173809 5358981 1311732 260161 3093612 160550 200670 934475 1511920 624720 606429 943670 1704360 1417288 2295348 3253463 1081714 1122340 373690 443573 1056757 1411240 631521 738966 177702 783068 34166 21900 313641 731631 276814 1665245 162082 1819031 30203 283760 992217 707479 1524202 117038 879246 1192632 2100197 253703 1708309 281134 200861 152121 19970 2399701 515701 121301 1482867 1224854 356920 142311 2741516 2704447 1820610 1179460 361859 408055 960842 995960 1042745 1093571 557985 417203 991360 1041964 1649777 1450322 1892279 433414 330843 2362658 1296764 2127237 1082564 1378999 1615204 517174 145014 1587246 1069313 27203 1383357 1546627 1090850 57202 161256 852088 1932588 497108 956053 51838 554632 16714 645915 701298 1141323 333977 93583 826713 1047413 1259322 2501067 27317 852924 1141920 1028737 2133514 4532413 66913 83712 1191509 1748857 60225 240963 439219 1059528 2622198 2426247 174225 603791 1492335 439295 10022 403085 555762 903246 153584 1471061 317843 683545 801672 2493478 137436 1362071 623675 599614 899728 2627142 1091994 288042 1949135 166696 508059 529406 211979 639641 713517 871622 1033800 1014371 193412 1540949 972865 438411 593886 336753 4333676 82981 1612563 2871453 1307962 4481932 658767 523797 889895 690848 1987108 155470 73964 296196 1252233 604158 2035464 561671 741615 851004 2437521 214682 549184 1258905 2108872 1873305 380099 1469315 382094 692487 3019553 916096 1342414 2137637 2773145 272607 17149 661187 161229 1062596 140913 1259448 58356 1057427 322156 1844623 1909709 962548 417677 236078 881040 
-997722875 2299903 397077 5980907 477072 13539 377231 1364520 394305 48672 27489 1998904 23069 3622666 14499 221056 61550 644414 3331191 2823883 41138 1970042 343933 172018 1036079 1020501 356002 764220 343803 939542 929571 230292 448902 878580 466483 1377150 1337663 371028 4139874 711358 1495164 262425 1294759 313801 789732 1218429 3185705 342604 23282 966022 1634346 2585747 588939 3121384 427030 463613 2703498 348067 919529 1408687 2846681 343220 2249967 804616 221076 2057300 222273 1144368 2408381 230446 398066 2449038 1021758 4777898 679183 937702 244040 702932 1166052 3160839 697227 861493 626506 1057258 348606 242342 162847 43008 103787 2078023 51460 302813 2497017 421952 1209827 376930 426865 990322 91002 1321977 666725 2727604 1028682 1700469 1301811 367437 1645622 3750853 3038772 1088582 1490232 4815559 3239921 243314 2782121 1386835 565284 344424 361068 282177 1354820 881623 1807552 809349 1573581 2995054 379876 202192 5904 1154364 92625 284737 402504 2277585 76726 2221118 238581 1674748 4502488 643595 1220288 455723 145728 52313 555482 533851 1435046 1651746 1186627 1236955 1244949 773210 569898 906512 726045 3611481 963417 26034 500666 1929192 1081093 108614 3405521 419587 517149 2439405 378334 1146872 575212 254452 1230384 1651029 1956263 420650 108972 780602 2509603 2605117 165832 226993 348763 644362 796968 833659 3087113 331152 428989 1136443 572305 17940 1444272 768924 289306 767026 41014 22691 1385400 5607338 207101 808677 1160745 1666905 271385 340722 373874 1567868 1109697 884618 985483 396721 1167884 217712 2518764 1269068 588840 491640 490805 124050 250408 176260 1392129 2194229 1592724 2436690 1312596 620570 136111 158561 422613 204823 2418463 37261 434419 20089 75929 535061 977878 1555521 259407 120642 2343441 1025232 525444 1423521 945525 318066 227597 428595 376483 1177949 1682538 177694 624760 605981 217937 547098 1357041 5449 659191 381789 255199 1196173 985247 471762 178252 3123775 2360766 4820946 716745 281397 361953 240365 1210746 340928 1842720 653576 870038 1406640 280728 1956108 224917 2521749 420128 2785652 800971 815574 135208 4765 3634310 1224380 435722 977259 334241 719288 1539441 894183 272646 2513896 338143 184826 5562809 43421 2844554 3028899 758375 2989029 538726 531508 3360190 165272 268058 1866569 774004 2241991 580558 206001 3257727 1348794 606427 1100433 154378 818514 608943 173320 4055794 172288 396337 1396506 405943 222003 25133 6660879 1691849 439398 1183187 642924 645164 655929 4145490 492514 1089069 1933120 1291202 2172956 93748 81937 42816 833107 108333 1902998 365495 2934833 1454513 1147426 21118 2473556 669870 472825 61311 404969 251224 442354 1005559 1214172 256980 1325877 833239 1243566 3842408 1123326 297506 774540 1652623 92830 918142 526770 3264932 1349362 3115401 179216 782432 758793 826336 1947446 2221604 302952 231280 499513 977853 551938 95496 1375790 3573531 1787118 2183917 218013 1885121 1425346 729311 708335 969478 924890 494981 136021 877850 3916625 570542 697408 145752 3186241 1030609 204463 435049 54501 2727835 746969 1018777 1297474 488480 2799563 482775 91915 297760 85388 653140 497994 3243965 523781 1715995 765975 186892 2012969 592094 53124 516886 2956642 268928 307707 109914 1246513 1060449 32135 15407 178650 2484481 33357 1043985 187850 1537197 1002778 976851 214964 752125 913564 1569393 1025235 3915512 211024 25370 126153 18121 79137 1529281 612060 1467243 1224872 1006202 193686 1204413 1378989 147879 326351 181572 1684138 1233238 543950 1317217 575786 2235705 497756 1109668 79069 42884 3526883 717267 353925 502614 240317 961539 366424 22493 330145 1729346 415579 336733 51151 461046 2059228 510223 597903 1304336 1591329 1766652 1859550 3850427 2711125 1359464 811393 1666391 110753 67494 1045075 254271 1617888 417425 125006 280701 228256 362809 965182 2557992 1795509 1144540 287798 301739 295414 136934 582811 456369 1091842 3485692 2130762 397383 634452 1265149 974794 619484 206101 336528 266267 1126084 2198757 640797 2182129 575136 1561358 646844 657055 2106639 901378 363476 400527 745678 618255 360898 4030868 73645 2711924 1677527 1066191 4061422 1459425 238323 1331716 316832 398616 1850282 59958 959820 641864 115823 786300 3957513 1602502 2201026 18058 247633 734170 4223994 245007 500429 2424895 781416 18119 163385 701357 270579 259732 1826013 372946 1053031 43275 4341845 39871 218104 1798629 1138283 155353 100469 913997 1553771 245662 180385 4928671 2063792 131331 561562 88250 308823 50646 161428 1286640 225042 1310931 151808 27666 2495108 486350 1305247 119177 441210 24403 5423723 426949 608703 1018756 886991 1321516 2397665 211516 365644 613525 696696 1057486 802980 1639180 4538407 212811 167065 784782 295955 229902 354397 481464 570923 337366 170232 205561 1665927 947548 1752038 1692343 490299 2510383 1274275 41812 174730 1625736 135793 1854789 801942 919728 196953 321734 1920193 777053 102377 56 3162142 1586159 2432784 2909859 529195 470838 218730 2189226 191227 2027551 1103415 1186062 185974 1168170 221734 178712 550637 2356211 867660 1558297 395874 767583 373471 307203 397200 1508166 998797 544153 1280092 1716438 3288284 1464751 286518 174640 628323 744537 206739 223827 1010345 224218 804521 844797 323625 1731532 305949 362702 610045 172259 1175452 1523257 2335722 292237 1231683 652120 200667 366087 1104291 2655111 288226 411219 65399 887154 1838814 927672 347157 244079 87053 962813 242057 181892 213688 1499457 2014153 1029447 1334119 3010579 699939 206182 690792 31116 2146941 103835 159779 48421 1352810 586186 5949672 2169534 28207 634667 293947 1117780 142617 114470 286356 2657169 812214 1646599 1714146 1728786 1376758 5998965 139197 17447 1636946 730309 4037963 327517 599988 1029756 47676 493069 3329640 2663738 1492420 2176389 203889 187244 475385 80426 147464 1983110 1121775 41 803498 3368539 903016 663061 326081 780246 1596512 132890 1756840 301947 284756 898347 608069 185541 15279 272211 1579945 66289 299897 453219 152763 2014623 1303668 2798062 865460 929288 35268 122648 338875 1153909 1236394 1391246 2964219 1973087 414429 561487 1536251 947545 2072203 1251691 3051263 539272 276161 2016380 1382714 1537592 1560301 810743 806020 1477963 180638 319074 486103 149247 2702902 504746 1357533 423982 2587880 1319274 628313 283353 1213602 1134862 1558064 500431 166290 1246006 654620 1809113 459134 1147502 105765 2508919 1087627 1210965 792563 679782 337992 352138 292419 641980 653519 283558 1640349 91758 659426 290668 716306 5971 1992530 176882 3049373 299641 61742 118235 1418258 110491 412934 22322 842282 504139 1176683 890657 1429872 892363 1610993 2536949 916511 1765604 3682305 89025 352862 2391821 20799 1096591 3370478 383034 460264 927141 1274032 176039 661672 1680651 163155 1407175 1042606 3648811 173743 276263 771378 1337383 2428832 450731 356622 1297550 1400073 687058 558419 1090842 1534093 513597 1282327 1587881 925417 1355376 262071 3890216 32087 1052262 98516 1317557 1066021 1796876 521151 326193 587267 284378 363269 170080 809749 1206268 1074776 964613 855330 80759 1195770 444780 40416 377722 2377755 222630 2917342 679433 658057 1124166 2117500 1629084 296601 247538 1429140 1539382 168021 857816 2578109 445120 2232822 930874 222300 292374 310731 740621 67765 632688 42237 404242 856197 346490 82448 1327556 224078 156539 4697517 173909 1036144 1629668 1147953 1120041 1156001 1775058 2425042 2773144 513966 91802 463415 475636 591711 3700001 280562 123893 365952 268956 296814 1872484 1403010 711440 930032 23927 1127411 1447414 532974 4496182 403498 494967 2476186 226914 852512 3193248 925074 231174 559915 26244 20714 519323 513114 962155 645116 979932 691147 1448120 4739090 1069 963456 474429 540973 3715569 114614 133334 882417 1531427 18402 604030 476491 960798 1133943 53871 863896 2782913 1794470 494231 2507235 515655 1297503 59837 556524 3165093 1117557 1795215 519832 1111788 987177 113344 161758 1304096 83783 527244 1959681 13394 421340 2309641 1397266 1734883 865171 361466 2928985 913375 1255699 969358 412957 2925922 150783 700801 1887132 1114841 136037 1084263 611914 2277966 236200 122662 1013963 1374518 1336921 811533 52590 1987108 1793914 685958 65417 395968 6938702 317986 171028 78521 1325955 3225983 1211171 761496 247042 407169 407217 2065478 230653 240701 982282 218698 107517 511143 2185329 454056 1183141 1136573 1587241 2110462 146331 490046 1267529 204955 431441 161575 853211 929261 680814 1667068 2049384 576810 144706 667992 503855 643622 327911 423108 126921 351635 1165034 1789808 670617 2318222 107154 1265921 58495 269345 443308 505904 587185 39697 651134 681242 2694218 30552 206383 1198858 52419 1199227 359679 915582 633325 298479 283803 685561 1329943 801435 1508920 90196 3977447 316221 853464 1180522 425526 410263 337588 549024 2264871 60055 1436783 952711 506486 1889020 442908 162166 54045 1348883 81982 877240 1286468 2298340 156490 3042421 251644 171922 153737 901640 601832 831412 1492356 180208 1009653 732827 802064 346081 1496049 545957 281181 2923206 555913 321040 444539 468310 261386 1333703 1480397 1832134 615909 87984 260314 1367757 676710 821321 787731 123567 615557 64212 1221646 1045746 235334 344132 88541 2863130 954802 1135488 1521468 219896 722425 237461 199880 866098 147786 183446 6146 980290 1684286 38906 556237 985247 1634383 670699 1574272 1251904 239773 870854 146501 335816 374324 1019331 1410970 1616345 1515650 306640 268702 225704 79038 372057 160257 27978 2014806 193815 36637 569303 134924 66770 998672 462955 798748 314805 4150753 944809 796966 76961 144881 11195 1408038 1162357 92852 670864 654971 254216 310273 1326552 976605 824262 1237733 1921195 3626225 589790 103085 47731 464527 573364 2774895 319605 1400560 106474 139788 521 222490 920013 136091 1249025 711623 935043 576639 385002 1307364 339579 1857031 3604171 261625 413037 2124454 773870 471553 176311 1026875 540667 1941178 2771136 312223 656337 226162 1804409 1193421 136739 598476 1677526 2229848 618498 1434623 353160 610178 553597 929044 127920 110950 34987 221613 1285362 21162 969009 2466352 545985 421666 2006723 413749 1099556 840471 1715105 2139828 915600 535954 776496 654187 198767 1231360 2879937 3475811 227219 1797326 3359938 210994 1321565 12754 277231 903163 845279 3016499 701530 1399112 401560 880041 398621 5710 1662237 1982424 784957 1650412 471069 2196380 2198044 457293 505197 1686379 436110 412034 708584 286022 950361 582242 384340 440319 2525654 55207 411951 1906371 17421 258410 506443 47016 1711491 675869 987552 153482 166476 535667 451219 1923094 913944 1600666 617486 275738 1876516 35211 565547 473443 229046 119812 1350251 1133272 80191 828925 670752 2240644 976712 260131 294739 1221883 1653997 1062964 1374577 515675 1941334 2871870 367228 188901 1797416 1150435 400317 122703 29928 249811 1200526 298468 305530 428245 1487680 523215 1418722 145792 364529 1657719 885786 1221052 635494 77640 1725317 167784 525408 1198581 1322283 206656 1106986 316255 1054132 300911 2017556 383884 918481 368592 354431 903069 1152667 500015 24398 204875 44496 285964 327351 538898 279665 1705275 222761 2106732 266944 398812 1286199 1366799 440882 399166 819810 948906 43870 817474 1669591 195623 1420085 1174109 5242706 975865 430191 1291767 624704 46941 2510615 1777216 1602018 1091127 340121 123635 63633 1243200 3960137 833695 565020 2208676 1141083 420387 858517 784814 271413 4168244 1272488 219633 1595587 72874 643613 356817 628305 413777 511421 1318497 111019 1322808 666843 418295 729753 931039 1529841 2264072 222719 371807 63926 1444875 3859201 2181763 6445545 3311293 442854 45381 2662841 3172082 347226 468110 2234177 1132671 38423 918113 692455 1800895 373511 505905 441452 253668 1021269 159687 5532 247894 716320 1630061 107505 1018910 398942 181658 846950 226025 1117613 225503 77189 104089 895416 424938 252993 12997 551543 29389 1586332 285225 1141184 1102383 509112 685891 149755 1069820 1132343 1753725 979198 438079 85864 996337 1156161 783558 1775132 943098 91163 2962020 333867 630978 1550799 27198 3714513 431586 456583 257332 148304 40492 2407196 1398167 506112 1387904 631199 2726415 796272 728585 640325 212212 1450272 681832 984893 1139733 331291 3544683 2249061 1300800 914303 266954 388227 2336427 2208292 469369 907486 1763542 265742 1321236 364789 526367 1137883 396927 195448 1216813 1598700 1090499 606678 295030 49331 4637103 1672385 1518919 420826 2890295 610138 2590962 338992 1547416 1002587 1844166 147812 405688 5192899 504093 440251 1625399 221770 877389 397623 22964 291467 320027 12729 24837 3571281 786975 86089 42423 683695 235815 2127626 641048 725986 1266772 997263 3397397 226656 1213359 487628 357514 409898 1491546 280862 122915 427598 120087 1614031 1568711 669812 2288825 552430 8180 1988432 920205 283658 1602034 1364601 129713 862706 1217298 891862 1137969 504597 1182433 178533 2734172 689226 2118552 2179604 3473277 95345 183191 460980 608929 34937 2900021 3663229 236578 3016918 1079598 1231412 1148189 907146 144087 912503 1027882 235405 469502 127589 132107 1087221 234059 1343549 346827 78890 1353878 425502 377571 324824 1179883 862200 1038305 1109145 648474 1954121 982656 146300 1127419 3010796 428771 973428 461871 35076 696520 1500093 2624807 814768 4874782 1421330 641253 752758 3099887 500497 1736288 552875 616152 854897 637868 1931423 358166 39149 984023 435810 2135763 208432 2819603 85707 113959 2410131 1482189 402065 1117246 2741778 149909 198463 2622065 1235941 1389539 1013416 86376 573759 889650 498280 964622 3053415 239818 1011075 1642389 882920 791889 396246 1228824 49839 39691 1043560 2089667 298402 1008770 1060465 1093333 533992 1578723 770128 48695 108855 368716 1025732 2032263 450858 77729 611309 458042 127408 1025997 1008360 1253968 99545 889563 321298 3908080 3914273 216833 508028 559547 189150 456694 2113828 1665868 269431 277029 249171 322824 1161719 194664 321399 517945 410583 599498 249157 301226 4143544 304499 1921991 2100491 712910 274382 694958 318543 179414 1173409 1518154 4662762 181986 62847 190009 1049184 828950 2831686 3746545 1307839 1598861 440035 267769 1103149 153740 300395 1285525 1743962 2369005 315658 1132860 117846 966279 215914 3692842 1560292 739669 947878 2624711 558022 1813 134749 1156543 831602 1592530 121235 613961 2043382 5531296 662350 595892 335297 158263 77767 500130 267162 3580266 1137907 1439550 31442 589560 6019908 217117 491171 726132 378584 1037607 679477 640896 1432258 2247988 395798 1103517 587639 260436 1601719 70942 1646121 2226273 17613 1551732 2221873 1107053 1764995 541158 1864270 52974 518803 45763 286405 1182143 2709729 2378841 1036442 660765 346860 968583 403677 2561953 
2000
1999
1998
1997
1996
1995
1994
1993
1992
1991
1990
1989
1988
1987
1986
1985
1984
1983
1982
1981
1980
1979
1978
1977
1976
1975
1974
1973
1972
1971
1970
1969
1968
1967
1966
1965
1964
1963
1962
1961
1960
1959
1958
1957
1956
1955
1954
1953
1952
1951
1950
1949
1948
1947
1946
1945
1944
1943
1942
1941
1940
1939
1938
1937
1936
1935
1934
1933
1932
1931
1930
1929
1928
1927
1926
1925
1924
1923
1922
1921
1920
1919
1918
1917
1916
1915
1914
1913
1912
1911
1910
1909
1908
1907
1906
1905
1904
1903
1902
1901
1900
1899
1898
1897
1896
1895
1894
1893
1892
1891
1890
1889
1888
1887
1886
1885
1884
1883
1882
1881
1880
1879
1878
1877
1876
1875
1874
1873
1872
1871
1870
1869
1868
1867
1866
1865
1864
1863
1862
1861
1860
1859
1858
1857
1856
1855
1854
1853
1852
1851
1850
1849
1848
1847
1846
1845
1844
1843
1842
1841
1840
1839
1838
1837
1836
1835
1834
1833
1832
1831
1830
1829
1828
1827
1826
1825
1824
1823
1822
1821
1820
1819
1818
1817
1816
1815
1814
1813
1812
1811
1810
1809
1808
1807
1806
1805
1804
1803
1802
1801
1800
1799
1798
1797
1796
1795
1794
1793
1792
1791
1790
1789
1788
1787
1786
1785
1784
1783
1782
1781
1780
1779
1778
1777
1776
1775
1774
1773
1772
1771
1770
1769
1768
1767
1766
1765
1764
1763
1762
1761
1760
1759
1758
1757
1756
1755
1754
1753
1752
1751
1750
1749
1748
1747
1746
1745
1744
1743
1742
1741
1740
1739
1738
1737
1736
1735
1734
1733
1732
1731
1730
1729
1728
1727
1726
1725
1724
1723
1722
1721
1720
1719
1718
1717
1716
1715
1714
1713
1712
1711
1710
1709
1708
1707
1706
1705
1704
1703
1702
1701
1700
1699
1698
1697
1696
1695
1694
1693
1692
1691
1690
1689
1688
1687
1686
1685
1684
1683
1682
1681
1680
1679
1678
1677
1676
1675
1674
1673
1672
1671
1670
1669
1668
1667
1666
1665
1664
1663
1662
1661
1660
1659
1658
1657
1656
1655
1654
1653
1652
1651
1650
1649
1648
1647
1646
1645
1644
1643
1642
1641
1640
1639
1638
1637
1636
1635
1634
1633
1632
1631
1630
1629
1628
1627
1626
1625
1624
1623
1622
1621
1620
1619
1618
1617
1616
1615
1614
1613
1612
1611
1610
1609
1608
1607
1606
1605
1604
1603
1602
1601
1600
1599
1598
1597
1596
1595
1594
1593
1592
1591
1590
1589
1588
1587
1586
1585
1584
1583
1582
1581
1580
1579
1578
1577
1576
1575
1574
1573
1572
1571
1570
1569
1568
1567
1566
1565
1564
1563
1562
1561
1560
1559
1558
1557
1556
1555
1554
1553
1552
1551
1550
1549
1548
1547
1546
1545
1544
1543
1542
1541
1540
1539
1538
1537
1536
1535
1534
1533
1532
1531
1530
1529
1528
1527
1526
1525
1524
1523
1522
1521
1520
1519
1518
1517
1516
1515
1514
1513
1512
1511
1510
1509
1508
1507
1506
1505
1504
1503
1502
1501
1500
1499
1498
1497
1496
1495
1494
1493
1492
1491
1490
1489
1488
1487
1486
1485
1484
1483
1482
1481
1480
1479
1478
1477
1476
1475
1474
1473
1472
1471
1470
1469
1468
1467
1466
1465
1464
1463
1462
1461
1460
1459
1458
1457
1456
1455
1454
1453
1452
1451
1450
1449
1448
1447
1446
1445
1444
1443
1442
1441
1440
1439
1438
1437
1436
1435
1434
1433
1432
1431
1430
1429
1428
1427
1426
1425
1424
1423
1422
1421
1420
1419
1418
1417
1416
1415
1414
1413
1412
1411
1410
1409
1408
1407
1406
1405
1404
1403
1402
1401
1400
1399
1398
1397
1396
1395
1394
1393
1392
1391
1390
1389
1388
1387
1386
1385
1384
1383
1382
1381
1380
1379
1378
1377
1376
1375
1374
1373
1372
1371
1370
1369
1368
1367
1366
1365
1364
1363
1362
1361
1360
1359
1358
1357
1356
1355
1354
1353
1352
1351
1350
1349
1348
1347
1346
1345
1344
1343
1342
1341
1340
1339
1338
1337
1336
1335
1334
1333
1332
1331
1330
1329
1328
1327
1326
1325
1324
1323
1322
1321
1320
1319
1318
1317
1316
1315
1314
1313
1312
1311
1310
1309
1308
1307
1306
1305
1304
1303
1302
1301
1300
1299
1298
1297
1296
1295
1294
1293
1292
1291
1290
1289
1288
1287
1286
1285
1284
1283
1282
1281
1280
1279
1278
1277
1276
1275
1274
1273
1272
1271
1270
1269
1268
1267
1266
1265
1264
1263
1262
1261
1260
1259
1258
1257
1256
1255
1254
1253
1252
1251
1250
1249
1248
1247
1246
1245
1244
1243
1242
1241
1240
1239
1238
1237
1236
1235
1234
1233
1232
1231
1230
1229
1228
1227
1226
1225
1224
1223
1222
1221
1220
1219
1218
1217
1216
1215
1214
1213
1212
1211
1210
1209
1208
1207
1206
1205
1204
1203
1202
1201
1200
1199
1198
1197
1196
1195
1194
1193
1192
1191
1190
1189
1188
1187
1186
1185
1184
1183
1182
1181
1180
1179
1178
1177
1176
1175
1174
1173
1172
1171
1170
1169
1168
1167
1166
1165
1164
1163
1162
1161
1160
1159
1158
1157
1156
1155
1154
1153
1152
1151
1150
1149
1148
1147
1146
1145
1144
1143
1142
1141
1140
1139
1138
1137
1136
1135
1134
1133
1132
1131
1130
1129
1128
1127
1126
1125
1124
1123
1122
1121
1120
1119
1118
1117
1116
1115
1114
1113
1112
1111
1110
1109
1108
1107
1106
1105
1104
1103
1102
1101
1100
1099
1098
1097
1096
1095
1094
1093
1092
1091
1090
1089
1088
1087
1086
1085
1084
1083
1082
1081
1080
1079
1078
1077
1076
1075
1074
1073
1072
1071
1070
1069
1068
1067
1066
1065
1064
1063
1062
1061
1060
1059
1058
1057
1056
1055
1054
1053
1052
1051
1050
1049
1048
1047
1046
1045
1044
1043
1042
1041
1040
1039
1038
1037
1036
1035
1034
1033
1032
1031
1030
1029
1028
1027
1026
1025
1024
1023
1022
1021
1020
1019
1018
1017
1016
1015
1014
1013
1012
1011
1010
1009
1008
1007
1006
1005
1004
1003
1002
1001
1000
999
998
997
996
995
994
993
992
991
990
989
988
987
986
985
984
983
982
981
980
979
978
977
976
975
974
973
972
971
970
969
968
967
966
965
964
963
962
961
960
959
958
957
956
955
954
953
952
951
950
949
948
947
946
945
944
943
942
941
940
939
938
937
936
935
934
933
932
931
930
929
928
927
926
925
924
923
922
921
920
919
918
917
916
915
914
913
912
911
910
909
908
907
906
905
904
903
902
901
900
899
898
897
896
895
894
893
892
891
890
889
888
887
886
885
884
883
882
881
880
879
878
877
876
875
874
873
872
871
870
869
868
867
866
865
864
863
862
861
860
859
858
857
856
855
854
853
852
851
850
849
848
847
846
845
844
843
842
841
840
839
838
837
836
835
834
833
832
831
830
829
828
827
826
825
824
823
822
821
820
819
818
817
816
815
814
813
812
811
810
809
808
807
806
805
804
803
802
801
800
799
798
797
796
795
794
793
792
791
790
789
788
787
786
785
784
783
782
781
780
779
778
777
776
775
774
773
772
771
770
769
768
767
766
765
764
763
762
761
760
759
758
757
756
755
754
753
752
751
750
749
748
747
746
745
744
743
742
741
740
739
738
737
736
735
734
733
732
731
730
729
728
727
726
725
724
723
722
721
720
719
718
717
716
715
714
713
712
711
710
709
708
707
706
705
704
703
702
701
700
699
698
697
696
695
694
693
692
691
690
689
688
687
686
685
684
683
682
681
680
679
678
677
676
675
674
673
672
671
670
669
668
667
666
665
664
663
662
661
660
659
658
657
656
655
654
653
652
651
650
649
648
647
646
645
644
643
642
641
640
639
638
637
636
635
634
633
632
631
630
629
628
627
626
625
624
623
622
621
620
619
618
617
616
615
614
613
612
611
610
609
608
607
606
605
604
603
602
601
600
599
598
597
596
595
594
593
592
591
590
589
588
587
586
585
584
583
582
581
580
579
578
577
576
575
574
573
572
571
570
569
568
567
566
565
564
563
562
561
560
559
558
557
556
555
554
553
552
551
550
549
548
547
546
545
544
543
542
541
540
539
538
537
536
535
534
533
532
531
530
529
528
527
526
525
524
523
522
521
520
519
518
517
516
515
514
513
512
511
510
509
508
507
506
505
504
503
502
501
500
499
498
497
496
495
494
493
492
491
490
489
488
487
486
485
484
483
482
481
480
479
478
477
476
475
474
473
472
471
470
469
468
467
466
465
464
463
462
461
460
459
458
457
456
455
454
453
452
451
450
449
448
447
446
445
444
443
442
441
440
439
438
437
436
435
434
433
432
431
430
429
428
427
426
425
424
423
422
421
420
419
418
417
416
415
414
413
412
411
410
409
408
407
406
405
404
403
402
401
400
399
398
397
396
395
394
393
392
391
390
389
388
387
386
385
384
383
382
381
380
379
378
377
376
375
374
373
372
371
370
369
368
367
366
365
364
363
362
361
360
359
358
357
356
355
354
353
352
351
350
349
348
347
346
345
344
343
342
341
340
339
338
337
336
335
334
333
332
331
330
329
328
327
326
325
324
323
322
321
320
319
318
317
316
315
314
313
312
311
310
309
308
307
306
305
304
303
302
301
300
299
298
297
296
295
294
293
292
291
290
289
288
287
286
285
284
283
282
281
280
279
278
277
276
275
274
273
272
271
270
269
268
267
266
265
264
263
262
261
260
259
258
257
256
255
254
253
252
251
250
249
248
247
246
245
244
243
242
241
240
239
238
237
236
235
234
233
232
231
230
229
228
227
226
225
224
223
222
221
220
219
218
217
216
215
214
213
212
211
210
209
208
207
206
205
204
203
202
201
200
199
198
197
196
195
194
193
192
191
190
189
188
187
186
185
184
183
182
181
180
179
178
177
176
175
174
173
172
171
170
169
168
167
166
165
164
163
162
161
160
159
158
157
156
155
154
153
152
151
150
149
148
147
146
145
144
143
142
141
140
139
138
137
136
135
134
133
132
131
130
129
128
127
126
125
124
123
122
121
120
119
118
117
116
115
114
113
112
111
110
109
108
107
106
105
104
103
102
101
100
99
98
97
96
95
94
93
92
91
90
89
88
87
86
85
84
83
82
81
80
79
78
77
76
75
74
73
72
71
70
69
68
67
66
65
64
63
62
61
60
59
58
57
56
55
54
53
52
51
50
49
48
47
46
45
44
43
42
41
40
39
38
37
36
35
34
33
32
31
30
29
28
27
26
25
24
23
22
21
20
19
18
17
16
15
14
13
12
11
10
9
8
7
6
5
4
3
2
1
